 XF =  -0.000 - XG =   0.000
 YF =   0.000 - YG =   0.000
 ZF =  -0.205 - ZG =   0.000
 Displacement =  0.6335794E+02
 Waterplane area =  0.1761306E+03
