 XF =   0.000 - XG =   0.000
 YF =   0.000 - YG =   0.000
 ZF = -11.792 - ZG =  -9.740
 Displacement =  0.3255060E+03
 Waterplane area =  0.1886029E+01
