 XF =  -0.000 - XG =   0.000
 YF =   0.000 - YG =   0.000
 ZF =  -0.206 - ZG =   0.000
 Displacement =  0.6365478E+02
 Waterplane area =  0.1765294E+03
