 XF =   0.011 - XG =   0.000
 YF =   0.000 - YG =   0.000
 ZF = -11.830 - ZG =  -8.044
 Displacement =  0.3182100E+03
 Waterplane area =  0.1820540E+01
